eRisk2022-T3_Subject10 2 2 2 2 2 2 2 1 1 1 1 1 3 3 3 1 1 2 2 2 3 2
eRisk2022-T3_Subject27 3 4 3 3 2 2 2 2 2 2 1 2 4 4 4 2 2 3 2 2 3 3
eRisk2022-T3_Subject18 3 2 4 4 3 2 3 2 2 2 1 2 2 3 3 2 2 2 2 2 3 3
eRisk2022-T3_Subject5 3 3 3 3 3 2 3 3 2 2 1 2 2 4 3 2 2 2 2 2 3 3
eRisk2022-T3_Subject15 2 4 3 3 2 1 1 1 1 1 0 2 4 3 4 1 1 3 2 2 3 2
eRisk2022-T3_Subject20 2 4 3 3 2 2 1 1 1 1 1 1 3 3 3 1 0 3 2 1 2 2
eRisk2022-T3_Subject2 3 2 3 3 3 2 3 3 3 2 0 2 2 4 3 1 1 2 2 2 3 3
eRisk2022-T3_Subject7 2 3 2 2 2 1 2 2 2 1 0 1 3 3 3 1 1 3 2 2 3 3
eRisk2022-T3_Subject21 3 2 3 3 2 2 3 2 2 2 1 1 2 3 3 2 1 3 2 1 2 2
eRisk2022-T3_Subject12 3 3 3 3 2 1 3 3 3 2 1 2 3 4 3 1 1 3 2 2 3 4
eRisk2022-T3_Subject19 3 3 3 3 2 1 3 2 2 2 1 2 3 3 3 2 2 4 3 2 2 2
eRisk2022-T3_Subject25 2 2 2 3 2 1 2 1 2 2 1 1 2 3 2 1 1 2 2 1 3 3
eRisk2022-T3_Subject14 4 3 4 4 3 2 3 3 3 2 1 3 3 5 4 2 2 3 3 2 4 3
eRisk2022-T3_Subject3 4 3 4 4 3 2 4 4 4 2 1 3 3 5 4 2 2 3 3 3 3 4
eRisk2022-T3_Subject1 2 1 2 2 2 2 2 2 2 1 1 1 1 3 2 1 2 1 1 2 2 3
eRisk2022-T3_Subject13 3 3 3 3 3 2 3 3 3 2 1 2 3 4 3 2 1 3 3 2 3 3
eRisk2022-T3_Subject6 3 2 3 3 2 2 2 2 2 2 1 2 2 3 2 2 2 2 2 2 3 3
eRisk2022-T3_Subject16 3 4 3 3 2 1 3 3 3 2 1 2 4 4 4 1 1 3 3 2 4 3
eRisk2022-T3_Subject24 3 2 4 4 3 2 3 3 2 2 0 2 2 3 3 2 2 3 1 2 2 2
eRisk2022-T3_Subject4 3 3 3 3 2 2 3 2 2 1 0 2 3 4 3 2 1 3 2 1 3 2
eRisk2022-T3_Subject9 2 2 2 2 2 2 1 1 1 1 1 1 2 3 2 1 1 3 2 1 2 2
eRisk2022-T3_Subject22 3 2 3 3 3 2 2 3 2 2 0 2 1 3 2 2 3 2 1 1 3 3
eRisk2022-T3_Subject23 3 3 3 3 2 1 3 2 2 2 0 2 3 4 3 1 1 3 2 1 3 3
eRisk2022-T3_Subject26 2 2 3 3 2 1 2 2 2 1 0 1 2 3 2 1 1 3 1 1 3 3
eRisk2022-T3_Subject17 2 3 2 3 1 1 2 2 1 1 0 1 3 3 3 1 0 3 2 1 3 2
eRisk2022-T3_Subject28 3 3 4 4 3 1 3 3 3 2 0 2 3 4 3 2 2 4 2 2 3 3
eRisk2022-T3_Subject11 3 3 3 3 3 2 3 3 3 2 1 2 3 4 3 2 2 3 2 2 3 3
eRisk2022-T3_Subject8 3 2 3 3 3 2 3 3 4 3 1 2 2 3 2 2 2 3 2 3 3 4
